133832049
41017380
1068540380
1378000346
15939889
278094476
BennetForCO is not on twitter
82453460
216776631
516880804
74508260
94154021
161791703
1603426344
30216513
305620929
15324851
150078976
18137749
Clyburn is not on twitter
814179031956488192
CongressmanRuiz is not on twitter
15808765
115979444
378631423
102477372
308794407
3122099613
38254095
EPWDems is not on twitter
1129029661
23600262
277124730
31801993
432676344
78445977
1262362578
460376288
Heinrich4NM is not on twitter
1339835893
43963249
116505994
80612021
14125897
223166587
18909919
231510077
113355380
237770636
44251742
923251678652043269
30354991
584912320
170111219
108376246
35567751
7429102
1099199839
57065141
996468784469889024
158470209
NancyPelosi is not on twitter
555355209
221792092
236279233
164369297
293131808
1410590874
Peters4Michigan is not on twitter
29501253
58928690
156333623
818472418620608512
199325935
249348006
1058717720
RepBRochester is not on twitter
248735463
816833925456789505
1531521632
950783972
1134292500
1080509366
305216911
558769636
2968451607
2964351843
RepBrady is not on twitter
231108733
33576489
816157667882373120
1222257180
776664410
816030424778543104
1092979962
462143773
162069635
210926192
787373558
1045110018
789244177
818713465653051392
155669457
2968007206
2970279814
995193054
RepDennyHeck is not on twitter
1058917562
28599820
2962868158
1155335864
90639372
168502762
164007407
817076257770835968
RepEsty is not on twitter
1083448909
88806753
RepGeneGreen is not on twitter
1051127714
22812754
36948268
22669526
235373000
24745957
2433737761
1071102246
RepJackyRosen is not on twitter
463132556
815733290955112448
467823431
40302336
245451804
132201224
796736612554117120
85396297
RepJoeKennedy is not on twitter
138770045
937723303
50452197
384913290
33563161
815310506596691968
1260172386
193732179
2293131060
239949176
2970462034
816282029276938240
2863006655
312134473
1009269193
292990703
1077121945
815985039485837312
1055730738
1061385474
258900199
153486399
581141508
2975350155
1037321378
36686040
816181091673448448
242426145
385429543
16583468
56864092
808416682972770304
84119348
20552026
3018670151
252249233
806906355214852096
28602948
442824717
267854863
404132211
816298918468259841
1339931490
112740986
479872233
2966570782
364415553
85896319
1071840474
20545793
1135486501
1072467470
126171100
RepSinema is not on twitter
18696134
24913074
796183515998068736
310310133
20002401
RepSusanDavis is not on twitter
942156122
137794015
3044993235
381152398
303861808
13491312
1262814457
816705409486618624
798973032362606600
1074129612
193872188
234014087
240812994
267938462
250188760
249410485
1284467173
1068481578
SenBennetCO is not on twitter
20597460
278124059
171598736
2167097881
1262099252
435500714
811313565760163844
216503958
1058520120
476256944
171968009
236511574
72198806
486694111
29201047
SenKaineOffice is not on twitter
SenKamalaHarris is not on twitter
21406834
29442313
17494010
43910797
76456274
970207298
242555999
234374703
352534407
73238146
1074518754
132278386
15442036
117501995
109071031
249787913
247334603
946549322
1061029050
242836537
18695134
16789970
109287731
515822213
60828944
19863977
24768753
2724095695
339852137
14377605
381577682
325231436
1064206014
1880674038
232992031
39249305
239905257
1055685948
WhipHoyer is not on twitter
122124607
292495654
7334402
33537967
47747074
21312077
48086014
14984637
1872999342
16160352
115676070
109931845
510516465
14466538
elizabethforma is not on twitter
161411080
31611298
24195214
16473577
14135426
63169388
169198625
92186819
75785294
1156083081561985024
34972633
repbenraylujan is not on twitter
15954997